Running optimization for 12 combinations...

Optimization Results:
 SL  TP  Total Trades  Win Rate  Net PnL  Profit Factor  Sharpe Ratio  Max Drawdown
1.5 3.5            35     40.00  1001.95           1.16          0.06        -16.72
1.5 2.5            35     45.71   995.80           1.17          0.07        -15.17
2.0 3.5            35     40.00   970.71           1.23          0.09        -11.85
2.0 2.5            35     45.71   954.03           1.23          0.10        -10.49
2.0 4.0            35     40.00   722.94           1.17          0.07        -11.85
1.5 4.0            35     40.00   672.84           1.11          0.04        -15.94
2.5 3.5            35     40.00   607.78           1.17          0.07        -10.45
2.5 2.5            35     45.71   589.13           1.18          0.07         -9.36
2.0 3.0            35     40.00   555.22           1.13          0.05        -11.85
1.5 3.0            35     40.00   459.63           1.08          0.03        -16.69
2.5 4.0            35     40.00   415.38           1.12          0.05        -10.45
2.5 3.0            35     40.00   281.63           1.08          0.03        -10.45
